,trips,avg_trip,subscribers,customers
2019-01-01,21962,1175.926646024952,17297,4665
2019-01-02,37797,780.9311850146837,35313,2484
2019-01-03,41676,769.5241385929552,39845,1831
2019-01-04,43922,778.1487864851327,41574,2348
2019-01-05,17432,811.470800826067,16642,790
2019-01-06,31451,864.9095100314776,28284,3167
2019-01-07,36486,754.3221509620129,35458,1028
2019-01-08,41163,806.0498505939801,40068,1095
2019-01-09,44338,802.5679326988137,43061,1277
2019-01-10,38971,791.5353467963357,38061,910
2019-01-11,32805,827.1450693491846,31876,929
2019-01-12,25131,747.6062233894394,23731,1400
2019-01-13,22752,839.8415084388186,21483,1269
2019-01-14,34970,660.7903345724907,34243,727
2019-01-15,39068,724.7935906624348,38113,955
2019-01-16,40349,740.5820218592778,39517,832
2019-01-17,38956,745.9876784064072,38092,864
2019-01-18,34227,884.2734683144886,33175,1052
2019-01-19,23748,749.8190584470271,22070,1678
2019-01-20,14249,822.0213348305144,13503,746
2019-01-21,10291,711.5775920707414,9991,300
2019-01-22,28562,699.8389118409075,27911,651
2019-01-23,41483,733.6038618229154,40524,959
2019-01-24,20081,748.8448284447986,19641,440
2019-01-25,38813,712.8023857985727,37722,1091
2019-01-26,26298,897.7671305802722,24561,1737
2019-01-27,30021,837.4053495886213,27429,2592
2019-01-28,35584,694.7606789568346,34706,878
2019-01-29,30928,687.7784208484221,30270,658
2019-01-30,25142,713.2923395115743,24658,484
2019-01-31,18631,648.4940153507595,18295,336
2019-02-01,24982,853.4855896245297,24483,499
2019-02-02,22002,758.8377420234524,20893,1109
2019-02-03,31934,911.24278198785,29135,2799
2019-02-04,46376,885.3874633431085,44081,2295
2019-02-05,54161,930.8883144698215,51044,3117
2019-02-06,39215,750.3117174550555,37694,1521
2019-02-07,43177,719.9686870324479,41777,1400
2019-02-08,36454,808.4475777692435,34907,1547
2019-02-09,23765,831.9424784346728,22298,1467
2019-02-10,24131,903.7603083171025,22511,1620
2019-02-11,38636,781.0661559167615,37646,990
2019-02-12,15854,710.4016651949034,15594,260
2019-02-13,34941,767.2178243324461,34198,743
2019-02-14,41650,765.8360864345739,40269,1381
2019-02-15,46863,878.7484796107804,44171,2692
2019-02-16,31034,1028.452149255655,27078,3956
2019-02-17,24037,971.0059075591796,21096,2941
2019-02-18,25827,772.3401866263987,24306,1521
2019-02-19,34676,744.6809897335332,33484,1192
2019-02-20,20426,739.4505532164887,19967,459
2019-02-21,39499,787.1961821818273,37642,1857
2019-02-22,41794,784.9320237354644,39607,2187
2019-02-23,31608,849.2261769172361,28574,3034
2019-02-24,24272,812.3138183915623,22473,1799
2019-02-25,34216,701.7367605798457,33200,1016
2019-02-26,37516,700.2706311973558,36519,997
2019-02-27,36475,679.9150102810144,35688,787
2019-02-28,38223,689.3215864793449,37058,1165
2019-03-01,30233,830.3958257533159,29202,1031
2019-03-02,18001,847.5403033164824,16903,1098
2019-03-03,23239,874.2290546064805,21377,1862
2019-03-04,28421,808.5018120403927,27270,1151
2019-03-05,37097,685.9740410275764,35947,1150
2019-03-06,33279,708.0494305718321,32540,739
2019-03-07,35907,677.3163171526444,35003,904
2019-03-08,40406,714.7389744097411,38848,1558
2019-03-09,38928,1072.2828555281546,33881,5047
2019-03-10,18897,775.8887654124993,17804,1093
2019-03-11,52413,906.4313624482476,49209,3204
2019-03-12,47207,766.8840638040969,45294,1913
2019-03-13,50120,731.4354150039904,47889,2231
2019-03-14,57466,785.9131486444159,54125,3341
2019-03-15,57506,986.7834139046361,52577,4929
2019-03-16,42138,1011.838459347857,35718,6420
2019-03-17,36824,934.3065120573539,31386,5438
2019-03-18,46532,841.2143686065504,43703,2829
2019-03-19,52981,835.3465204507277,49953,3028
2019-03-20,55379,887.7363982737139,52159,3220
2019-03-21,21238,763.5524531500141,20633,605
2019-03-22,35463,892.5178072921072,33747,1716
2019-03-23,37375,1009.6788762541806,32895,4480
2019-03-24,50312,1112.4445062808077,40235,10077
2019-03-25,53451,846.2677031299695,50222,3229
2019-03-26,55414,780.9519615981521,52264,3150
2019-03-27,54473,825.7093238852275,51568,2905
2019-03-28,58529,823.7990910488818,54870,3659
2019-03-29,59307,955.7210953175847,54626,4681
2019-03-30,66662,1316.5987519126338,50667,15995
2019-03-31,32762,923.387461082962,28787,3975
2019-04-01,51391,885.8467825105563,48560,2831
2019-04-02,57891,778.4470643105146,55192,2699
2019-04-03,67911,980.3807336072213,62850,5061
2019-04-04,66396,914.6102174829809,61612,4784
2019-04-05,34459,808.073072346847,32941,1518
2019-04-06,66529,1352.1974176674833,50866,15663
2019-04-07,64709,1432.7495711570261,49708,15001
2019-04-08,70500,1222.1554751773049,63644,6856
2019-04-09,59327,964.3459976064861,56031,3296
2019-04-10,70977,1056.2679600433944,65708,5269
2019-04-11,62414,922.9654244240074,58261,4153
2019-04-12,57998,1015.9725162936653,52597,5401
2019-04-13,71492,1516.8854557153247,53659,17833
2019-04-14,58470,1528.2230887634685,45029,13441
2019-04-15,45654,1101.7469006001666,42239,3415
2019-04-16,63316,1067.0105660496556,57216,6100
2019-04-17,65238,1054.0477022594193,58927,6311
2019-04-18,61555,974.3323694257168,56335,5220
2019-04-19,64933,1086.8171653858592,53745,11188
2019-04-20,36784,1095.4482383645063,28984,7800
2019-04-21,51865,1233.7144895401523,36713,15152
2019-04-22,44109,918.7019429141445,36953,7156
2019-04-23,75434,1014.52087917915,63533,11901
2019-04-24,77723,1056.2029901058888,66393,11330
2019-04-25,60821,901.3235395669259,53288,7533
2019-04-26,37115,823.2319816785666,34446,2669
2019-04-27,56434,1112.7903391572456,43486,12948
2019-04-28,41200,937.6906553398059,35000,6200
2019-04-29,60789,833.6179736465479,54953,5836
2019-04-30,62660,825.6657835939993,57792,4868
2019-05-01,60897,809.1961180353712,56519,4378
2019-05-02,68701,959.424651751794,61573,7128
2019-05-03,62405,1071.116032369201,55792,6613
2019-05-04,56023,1397.20695071667,42801,13222
2019-05-05,16169,1044.214422660647,14624,1545
2019-05-06,69914,1021.3850873930829,61950,7964
2019-05-07,72824,1043.4341151268814,65391,7433
2019-05-08,76389,899.4510466166595,68581,7808
2019-05-09,66681,884.0682803197312,61351,5330
2019-05-10,68039,988.1637884154676,60289,7750
2019-05-11,69788,1296.6682667507307,49886,19902
2019-05-12,10729,1002.3210923664834,9778,951
2019-05-13,22296,838.1430301399354,21381,915
2019-05-14,42780,871.3623655913979,40623,2157
2019-05-15,74307,960.9208015395589,66738,7569
2019-05-16,77878,951.4645471121497,68626,9252
2019-05-17,72112,1066.1647992012424,63269,8843
2019-05-18,73143,1235.6286862720972,52819,20324
2019-05-19,69920,1284.355906750572,50120,19800
2019-05-20,74489,979.6376377720201,64923,9566
2019-05-21,79254,1063.5245034950917,70114,9140
2019-05-22,82007,1063.6507371321961,72529,9478
2019-05-23,56575,964.5753424657535,50594,5981
2019-05-24,74857,1202.8498470416928,62317,12540
2019-05-25,59492,1422.4737611779735,39194,20298
2019-05-26,49950,1534.436056056056,31901,18049
2019-05-27,66595,1346.2873338839252,44034,22561
2019-05-28,59432,880.8944676268677,54523,4909
2019-05-29,55089,917.055510174445,50041,5048
2019-05-30,52481,864.8718202778148,47556,4925
2019-05-31,83347,1035.752300622698,70160,13187
2019-06-01,76419,1279.2018607937816,54481,21938
2019-06-02,67298,1395.3358643644685,49247,18051
2019-06-03,77694,1116.8337838185703,67579,10115
2019-06-04,83299,942.567713898126,72888,10411
2019-06-05,78805,950.9829833132416,70478,8327
2019-06-06,81356,996.5724470229608,71320,10036
2019-06-07,82950,1273.1639903556359,69957,12993
2019-06-08,78096,1364.8212968653963,54369,23727
2019-06-09,73972,1285.2166360244416,52105,21867
2019-06-10,37024,859.3426156006915,34676,2348
2019-06-11,78052,1160.672013529442,69144,8908
2019-06-12,85042,1033.7141882834364,75047,9995
2019-06-13,49195,922.6461022461632,44757,4438
2019-06-14,80613,1039.3215734434893,69213,11400
2019-06-15,73899,1415.4691944410615,51899,22000
2019-06-16,55523,1269.820524827549,42279,13244
2019-06-17,72530,969.8928719150696,63842,8688
2019-06-18,36402,775.9782704247019,33549,2853
2019-06-19,63674,942.1938153720514,57914,5760
2019-06-20,59926,865.8269866168274,54462,5464
2019-06-21,65686,1050.9229820661938,56435,9251
2019-06-22,76612,1243.9703571242103,54000,22612
2019-06-23,75546,1238.0227675853123,53170,22376
2019-06-24,80028,1010.9090068476033,69340,10688
2019-06-25,65885,973.0774986719283,58763,7122
2019-06-26,83301,1087.1778610100719,72895,10406
2019-06-27,81577,992.6304963408804,70539,11038
2019-06-28,78682,1037.8650390178186,66173,12509
2019-06-29,62714,1206.2799693848262,46473,16241
2019-06-30,63570,1270.6342299826963,45532,18038
2019-07-01,78238,1048.735703877911,66523,11715
2019-07-02,78158,986.7133242918192,67978,10180
2019-07-03,74223,1055.4009538822197,63238,10985
2019-07-04,52712,1668.0915161633025,34616,18096
2019-07-05,58723,1386.9697903717454,42690,16033
2019-07-06,50897,1326.6292708804056,34901,15996
2019-07-07,61485,1313.575067089534,43697,17788
2019-07-08,68030,976.8677936204616,59007,9023
2019-07-09,83708,999.0403665121613,73316,10392
2019-07-10,84219,927.9380187368646,73761,10458
2019-07-11,54495,1015.5488576933664,48752,5743
2019-07-12,81075,1045.321751464693,68802,12273
2019-07-13,76860,1340.370947176685,54591,22269
2019-07-14,67911,1195.582541856253,49019,18892
2019-07-15,81053,960.2569800007402,69962,11091
2019-07-16,84569,950.4883231444146,73881,10688
2019-07-17,69169,901.5292110627594,61728,7441
2019-07-18,61067,826.9776147510112,54809,6258
2019-07-19,75054,976.2669144882351,63548,11506
2019-07-20,50576,1120.8811096172096,37948,12628
2019-07-21,48198,1080.498236441346,36942,11256
2019-07-22,52376,879.0041622117,46421,5955
2019-07-23,66278,856.0919762213706,59338,6940
2019-07-24,87644,933.4642417050796,76247,11397
2019-07-25,86449,943.5159573852792,74714,11735
2019-07-26,82881,945.7243155849953,69443,13438
2019-07-27,72256,1176.1854794065546,50814,21442
2019-07-28,67672,1076.6219263506325,48575,19097
2019-07-29,78766,901.10679734911,68288,10478
2019-07-30,80742,864.5587674320676,70789,9953
2019-07-31,65580,826.4597438243367,58717,6863
2019-08-01,87706,999.0336008938955,76861,10845
2019-08-02,82260,1084.9906029662047,69550,12710
2019-08-03,77285,1380.3530439283172,53102,24183
2019-08-04,66868,1246.5438027157984,47242,19626
2019-08-05,82393,998.4909883121139,69584,12809
2019-08-06,82515,1016.2091377325335,71510,11005
2019-08-07,52193,837.5953671948346,46315,5878
2019-08-08,79609,1013.5196397392255,68712,10897
2019-08-09,80280,1101.8932735426008,67246,13034
2019-08-10,82793,1356.2900728322443,54799,27994
2019-08-11,73365,1235.1647924759764,50578,22787
2019-08-12,81371,1027.7119735532315,68703,12668
2019-08-13,75004,961.8498880059731,65855,9149
2019-08-14,75603,862.537584487388,66193,9410
2019-08-15,84883,910.9013583403037,72714,12169
2019-08-16,81541,972.109012643946,67564,13977
2019-08-17,78121,1379.8728382893205,52108,26013
2019-08-18,56347,1282.1234138463449,40741,15606
2019-08-19,73963,931.8876870867866,63710,10253
2019-08-20,82301,927.439192719408,71109,11192
2019-08-21,73026,899.8334839646153,63826,9200
2019-08-22,73740,931.5042717656631,64245,9495
2019-08-23,63765,987.930792754646,53656,10109
2019-08-24,74220,1196.777122069523,51437,22783
2019-08-25,71900,1225.8124061196106,49842,22058
2019-08-26,79027,977.7943361129741,67354,11673
2019-08-27,82744,862.4460504689162,71905,10839
2019-08-28,65082,809.928782151747,58341,6741
2019-08-29,83267,940.5274718676067,71147,12120
2019-08-30,76815,1033.3955867994532,62386,14429
2019-08-31,64237,1195.2988464592058,42024,22213
2019-09-01,62667,1374.6595018111607,38925,23742
2019-09-02,37792,1130.1724703640982,29183,8609
2019-09-03,83716,1006.4506187586602,72760,10956
2019-09-04,84833,899.3223273961784,75526,9307
2019-09-05,89656,1003.3714531096635,78876,10780
2019-09-06,55227,816.3517301320006,49843,5384
2019-09-07,78220,1210.2439913065712,56937,21283
2019-09-08,72515,1102.0970419913122,53558,18957
2019-09-09,84809,1007.9839875484913,74280,10529
2019-09-10,87584,892.8803548593351,77395,10189
2019-09-11,90448,927.210607199717,79470,10978
2019-09-12,70159,820.5986259781354,63151,7008
2019-09-13,87636,936.5789515724132,75322,12314
2019-09-14,75457,1143.1866891077036,55772,19685
2019-09-15,78968,1200.5066482625873,57112,21856
2019-09-16,82106,983.323191971354,71503,10603
2019-09-17,93117,906.5646015228153,81880,11237
2019-09-18,90306,934.1838083848249,79665,10641
2019-09-19,89655,919.294796720763,78866,10789
2019-09-20,90534,934.8728323060949,76855,13679
2019-09-21,98755,1275.6033517290264,58856,39899
2019-09-22,76422,1222.974758577373,54220,22202
2019-09-23,85489,960.906292037572,74615,10874
2019-09-24,93044,939.2529985813163,81898,11146
2019-09-25,94015,911.3093229803754,82822,11193
2019-09-26,84593,871.104464908444,74827,9766
2019-09-27,93268,1012.8394947892095,78679,14589
2019-09-28,81603,1149.476649142801,58043,23560
2019-09-29,75753,1130.2757250537932,53568,22185
2019-09-30,76553,893.689835800034,66086,10467
2019-10-01,87033,1006.6315880183379,76338,10695
2019-10-02,79821,924.1327344934291,70805,9016
2019-10-03,39067,715.5531010827552,36265,2802
2019-10-04,83360,908.4396353166986,72293,11067
2019-10-05,69131,1155.0934457768585,51668,17463
2019-10-06,60532,1044.5447036278333,46128,14404
2019-10-07,77323,887.4437877475008,68677,8646
2019-10-08,80569,838.7501148084251,72580,7989
2019-10-09,50407,775.4487868748388,47065,3342
2019-10-10,84856,845.2289172244745,75633,9223
2019-10-11,79369,887.2054580503723,69452,9917
2019-10-12,70751,1130.367175022261,50421,20330
2019-10-13,67616,1150.4241747515382,46987,20629
2019-10-14,77630,920.352994976169,63421,14209
2019-10-15,83345,850.929545863579,73844,9501
2019-10-16,44056,839.4508126021427,40466,3590
2019-10-17,67322,844.833902736104,61351,5971
2019-10-18,73589,865.4378371767519,64700,8889
2019-10-19,66879,1138.2175122235678,49702,17177
2019-10-20,28551,960.5154985814858,23328,5223
2019-10-21,78441,891.5022246019302,68843,9598
2019-10-22,54806,761.9413567857533,50785,4021
2019-10-23,80480,887.4391650099403,72123,8357
2019-10-24,83431,864.7439081396603,73418,10013
2019-10-25,81152,935.0173994479495,70402,10750
2019-10-26,68073,1064.838247175826,50694,17379
2019-10-27,26758,901.6720980641304,22841,3917
2019-10-28,76742,841.5939902530557,68333,8409
2019-10-29,53188,726.6176017146724,49478,3710
2019-10-30,68639,787.0100963009368,63083,5556
2019-10-31,49656,846.7275253745771,45696,3960
2019-11-01,70641,937.546368256395,61783,8858
2019-11-02,58579,1072.2246197442769,44967,13612
2019-11-03,52253,1031.0669052494593,41283,10970
2019-11-04,70117,871.6316157279975,62632,7485
2019-11-05,73768,852.7051160394751,67137,6631
2019-11-06,72714,822.7125450394697,66340,6374
2019-11-07,56782,770.1730477968371,52127,4655
2019-11-08,50295,798.6594094840441,46527,3768
2019-11-09,37993,947.3117942778933,32364,5629
2019-11-10,42121,942.0046770019705,34793,7328
2019-11-11,64883,866.1930706040102,58010,6873
2019-11-12,39188,681.0301878125957,37207,1981
2019-11-13,43945,685.8712026396632,41909,2036
2019-11-14,54642,721.4187804253139,51322,3320
2019-11-15,59521,753.2920145830883,54278,5243
2019-11-16,36896,888.4157090199479,31636,5260
2019-11-17,32100,796.4923052959501,28318,3782
2019-11-18,35621,745.6944499031471,33962,1659
2019-11-19,57419,762.3764259217332,54273,3146
2019-11-20,57625,777.7967895878525,54394,3231
2019-11-21,62696,774.3789396452725,58091,4605
2019-11-22,51063,764.9369406419521,47606,3457
2019-11-23,40088,901.1904310516863,33996,6092
2019-11-24,18146,690.5157610492671,16800,1346
2019-11-25,58709,802.5612768059411,54530,4179
2019-11-26,63638,818.9326660171596,58143,5495
2019-11-27,51356,861.6630383986292,46394,4962
2019-11-28,16173,1094.8872812712546,13201,2972
2019-11-29,23219,800.1336836211723,20105,3114
2019-11-30,26517,934.9033827356036,22088,4429
2019-12-01,10759,803.3181522446324,9893,866
2019-12-02,18018,678.1945276945277,17431,587
2019-12-03,39230,707.9999745093041,37732,1498
2019-12-04,47384,790.8025071754179,45264,2120
2019-12-05,49027,810.9636322842515,46862,2165
2019-12-06,51607,817.3653767899704,48418,3189
2019-12-07,34510,940.9744132135613,30529,3981
2019-12-08,32308,834.3738702488548,28718,3590
2019-12-09,15221,874.0831088627554,14407,814
2019-12-10,42435,755.3570873100035,40563,1872
2019-12-11,38180,766.2479570455736,36508,1672
2019-12-12,45360,803.2390432098765,43240,2120
2019-12-13,32961,858.8665999211189,31077,1884
2019-12-14,30263,850.4914251726531,26975,3288
2019-12-15,33886,915.3321135572213,29976,3910
2019-12-16,41717,804.3601888918187,39723,1994
2019-12-17,19303,670.9117753717039,18503,800
2019-12-18,37898,765.9559343500977,36407,1491
2019-12-19,29451,690.0913721096058,28432,1019
2019-12-20,34209,745.9593674179309,32702,1507
2019-12-21,24247,734.2906338928527,22313,1934
2019-12-22,23726,822.6638708589733,21137,2589
2019-12-23,37364,900.2590461406702,33860,3504
2019-12-24,25894,837.8621302232177,23262,2632
2019-12-25,13082,1157.5725424247057,9368,3714
2019-12-26,25226,829.8078173313248,22105,3121
2019-12-27,31808,984.3532444668008,27232,4576
2019-12-28,28520,1045.7190743338008,21992,6528
2019-12-29,17968,1120.3747773820126,14499,3469
2019-12-30,12138,716.9063272367771,11388,750
2019-12-31,31510,950.7606156775627,27069,4441
2020-01-01,18114,967.8943358728055,14969,3145
2020-01-02,41556,840.7550293579748,37241,4315
2020-01-03,31873,783.968562733348,29364,2509
2020-01-04,29436,860.1038863976083,26058,3378
2020-01-05,27589,821.7907136902388,24721,2868
2020-01-06,42738,728.9445224390472,40799,1939
2020-01-07,46535,730.3538626840013,44268,2267
2020-01-08,42400,686.1752122641509,40705,1695
2020-01-09,39344,727.8805917039447,37786,1558
2020-01-10,50800,773.8353543307087,47255,3545
2020-01-11,56538,1089.4444798188829,45015,11523
2020-01-12,53121,1192.7055590067957,41591,11530
2020-01-13,49438,760.2710465633724,46390,3048
2020-01-14,44144,691.526164371149,42007,2137
2020-01-15,54251,785.0891596468268,50862,3389
2020-01-16,45247,695.7322474418194,43084,2163
2020-01-17,34122,822.0485024324482,32597,1525
2020-01-18,13301,797.3339598526427,12406,895
2020-01-19,25935,771.0842876421824,23135,2800
2020-01-20,24230,755.4521667354519,22727,1503
2020-01-21,37399,682.9987700205888,35982,1417
2020-01-22,43415,723.8883335252793,41579,1836
2020-01-23,48258,726.0436611546272,45898,2360
2020-01-24,51334,761.4291697510422,47789,3545
2020-01-25,17734,705.2126423818653,16230,1504
2020-01-26,36121,862.9581406937792,31406,4715
2020-01-27,46534,718.3471225340611,44327,2207
2020-01-28,48816,699.0993117010817,46485,2331
2020-01-29,47386,711.386042290972,45222,2164
2020-01-30,45603,706.951911058483,43367,2236
2020-01-31,47284,706.4781532865239,44554,2730
2020-02-01,35542,875.7668955039109,31398,4144
2020-02-02,28593,812.1366768090091,25271,3322
2020-02-03,53522,936.3379544860057,49667,3855
2020-02-04,52478,755.1493387705324,49297,3181
2020-02-05,50544,680.9933523266857,47995,2549
2020-02-06,32156,678.7555044159722,30870,1286
2020-02-07,32643,726.8515455074595,30930,1713
2020-02-08,32783,821.9266083030839,28866,3917
2020-02-09,32635,884.8200091925846,28442,4193
2020-02-10,26732,682.1902962741284,25537,1195
2020-02-11,37789,702.7086453729921,36087,1702
2020-02-12,49336,699.7546213718177,46786,2550
2020-02-13,37413,711.7891107369096,35956,1457
2020-02-14,36921,699.9667939654939,35121,1800
2020-02-15,21598,797.489721270488,19344,2254
2020-02-16,27276,854.2210368089162,23344,3932
2020-02-17,40946,902.9727690128462,35036,5910
2020-02-18,44104,771.0986305097043,41676,2428
2020-02-19,49313,795.9443351651694,46173,3140
2020-02-20,42686,741.7022208686689,40441,2245
2020-02-21,38686,750.825052990746,36269,2417
2020-02-22,39443,914.2398397687803,32913,6530
2020-02-23,46544,1037.4859702646959,36984,9560
2020-02-24,56349,870.4045502138458,51588,4761
2020-02-25,39568,819.7090830974524,37673,1895
2020-02-26,45207,815.9243701196717,42980,2227
2020-02-27,43411,692.3275897813918,41344,2067
2020-02-28,43360,701.4215867158672,40667,2693
2020-02-29,29252,753.9980856009845,26272,2980
2020-03-01,31878,864.1210552732292,27747,4131
2020-03-02,56946,982.5365433919853,52261,4685
2020-03-03,49723,851.5264766808117,46778,2945
2020-03-04,58670,851.5432929947162,54192,4478
2020-03-05,58686,843.8989878335549,53957,4729
2020-03-06,34135,759.5390654753186,31933,2202
2020-03-07,39448,958.286934698844,32903,6545
2020-03-08,46994,1096.0663701749158,36513,10481
2020-03-09,68768,1208.189128664495,58863,9905
2020-03-10,64277,943.7808236227578,57634,6643
2020-03-11,61816,995.3441342047366,55268,6548
2020-03-12,51332,1004.5460921062885,46402,4930
2020-03-13,43343,1461.8177329672612,36817,6526
2020-03-14,44239,1366.1812653993084,32827,11412
2020-03-15,36140,1456.878361925844,27564,8576
2020-03-16,29481,1088.33811607476,25945,3536
2020-03-17,24331,1413.3176605975916,20867,3464
2020-03-18,30496,1409.933991343127,25421,5075
2020-03-19,20842,1381.9743786584781,17642,3200
2020-03-20,31327,1719.9533948351263,24936,6391
2020-03-21,31712,1643.4146379919273,22560,9152
2020-03-22,19891,1430.0747574279826,15366,4525
2020-03-23,3999,1016.805201300325,3662,337
2020-03-24,20863,1423.4540574222308,16893,3970
2020-03-25,12066,1233.0682081882976,10493,1573
2020-03-26,21996,1584.6684397163122,17572,4424
2020-03-27,26504,1684.5492378508904,20233,6271
2020-03-28,8871,1506.8262879044075,7427,1444
2020-03-29,9646,1496.2202985693552,7988,1658
2020-03-30,15041,1196.6950335748952,12633,2408
2020-03-31,14996,1319.4728594291812,12771,2225
2020-04-01,20363,1521.8885233020674,16536,3827
2020-04-02,19012,1902.022880286135,15343,3669
2020-04-03,11309,1240.3192147846848,9575,1734
2020-04-04,28867,1948.5496587799216,20528,8339
2020-04-05,25755,1981.3920015530964,18053,7702
2020-04-06,24660,1943.1819545823196,18717,5943
2020-04-07,23646,1592.7815698215343,18497,5149
2020-04-08,20744,1654.107597377555,16853,3891
2020-04-09,14192,1548.0004227733934,11946,2246
2020-04-10,16276,1247.544544114033,13459,2817
2020-04-11,33142,1726.0334318991008,22890,10252
2020-04-12,31564,1865.1896464326448,20896,10668
2020-04-13,7797,1220.312427856868,6258,1539
2020-04-14,25283,1634.7355139817269,19619,5664
2020-04-15,22188,1429.440823868758,17860,4328
2020-04-16,19570,1244.8881451200818,16022,3548
2020-04-17,18893,1426.4526544222729,15591,3302
2020-04-18,15909,1643.3674020994406,12627,3282
2020-04-19,47049,1929.991285680886,29312,17737
2020-04-20,21882,1418.5361941321635,17674,4208
2020-04-21,17050,1329.5130791788856,14232,2818
2020-04-22,23783,1453.7242147752597,19044,4739
2020-04-23,19125,1296.0871111111112,15677,3448
2020-04-24,12610,1456.026090404441,10787,1823
2020-04-25,58898,1915.9817141498863,36613,22285
2020-04-26,9586,1304.8144168579179,7719,1867
2020-04-27,17795,1295.996740657488,15008,2787
2020-04-28,39619,1509.5658648628184,28898,10721
2020-04-29,21653,1211.3255899875305,17907,3746
2020-04-30,14542,1230.7409572273416,12354,2188
2020-05-01,24945,1338.864060934055,20117,4828
2020-05-02,72808,2065.6631414130316,42626,30182
2020-05-03,63731,2010.1493621628406,37127,26604
2020-05-04,32356,1494.2149524044999,24352,8004
2020-05-05,35078,1643.130224072068,26636,8442
2020-05-06,17274,1244.2173787194629,14405,2869
2020-05-07,43677,1572.8101975868306,31964,11713
2020-05-08,17326,1235.5155257993767,14318,3008
2020-05-09,27747,1538.1596208599128,20579,7168
2020-05-10,54504,1796.937399089975,34735,19769
2020-05-11,22729,1138.7518588587268,18505,4224
2020-05-12,35998,1391.352047335963,27646,8352
2020-05-13,40592,1503.587997635002,30204,10388
2020-05-14,41586,1493.6210984465927,30832,10754
2020-05-15,52903,1869.6695272479822,36497,16406
2020-05-16,80292,1974.40890748767,46221,34071
2020-05-17,63553,1751.2913316444542,38426,25127
2020-05-18,39154,1414.8818511518618,29859,9295
2020-05-19,40934,1535.4957248253286,30814,10120
2020-05-20,45558,1531.917819043856,33996,11562
2020-05-21,48560,1454.727100494234,35162,13398
2020-05-22,47441,1412.1155751354313,33751,13690
2020-05-23,23012,1404.5004780114723,17513,5499
2020-05-24,72889,1754.1953381168626,42290,30599
2020-05-25,67876,1730.0579586304439,40995,26881
2020-05-26,53062,1490.5764954204515,37596,15466
2020-05-27,55071,1488.3563036807031,39484,15587
2020-05-28,46091,1397.4692890152091,34973,11118
2020-05-29,53356,1371.4792713096933,38978,14378
2020-05-30,87081,1739.0991146174251,52471,34610
2020-05-31,80706,1694.7366366812876,48987,31719
2020-06-01,52926,2130.450761440502,37981,14945
2020-06-02,46471,1848.1078522089044,33977,12494
2020-06-03,28766,1640.8072377111869,22682,6084
2020-06-04,39659,1664.225648654782,29595,10064
2020-06-05,33064,1560.4082688120009,26071,6993
2020-06-06,56263,2129.4592360876595,36001,20262
2020-06-07,80441,1951.4991733071445,50191,30250
2020-06-08,60847,1738.1990402156227,43967,16880
2020-06-09,61666,1629.7874841890182,43931,17735
2020-06-10,63108,1718.4948025606895,44908,18200
2020-06-11,43845,1535.4771581708292,33995,9850
2020-06-12,72497,1584.212588107094,50020,22477
2020-06-13,89690,1870.6324673876686,52956,36734
2020-06-14,79731,1797.8050570041764,47829,31902
2020-06-15,57555,1539.9923203891929,41967,15588
2020-06-16,65295,1501.0774178727315,47056,18239
2020-06-17,63989,1398.6126209192205,46513,17476
2020-06-18,62094,1565.3662189583536,45161,16933
2020-06-19,79280,1599.3948536831483,53404,25876
2020-06-20,80792,1763.080824834142,49615,31177
2020-06-21,72206,1823.9819682574855,44495,27711
2020-06-22,59788,1448.219274770857,43959,15829
2020-06-23,67299,1454.6576472161548,48849,18450
2020-06-24,66784,1444.804623862003,48752,18032
2020-06-25,69578,1462.749360430021,50454,19124
2020-06-26,73638,1541.3783644314076,51951,21687
2020-06-27,59221,1578.965822934432,40327,18894
2020-06-28,69104,1560.8891381106737,45161,23943
2020-06-29,61574,1356.1141878065416,45776,15798
2020-06-30,65102,1252.9543946422536,49144,15958
2020-07-01,63406,1821.865454373403,47835,15571
2020-07-02,73394,1878.7372809766466,52642,20752
2020-07-03,59329,1783.5300611842438,41600,17729
2020-07-04,70988,2158.759198737815,43544,27444
2020-07-05,64523,2026.0186600127086,41494,23029
2020-07-06,45976,1783.7054115190533,35307,10669
2020-07-07,67810,1667.6215307476773,51361,16449
2020-07-08,63321,1654.9790590799262,48609,14712
2020-07-09,76374,1751.0495063765156,56412,19962
2020-07-10,22777,1596.9459103481581,18457,4320
2020-07-11,66573,1687.7871960103946,46689,19884
2020-07-12,84290,1878.7180329813739,54367,29923
2020-07-13,69017,1686.7239086022284,51937,17080
2020-07-14,76968,1651.1635744725081,57445,19523
2020-07-15,78340,1542.9528593311209,58323,20017
2020-07-16,79248,1592.793521603069,58592,20656
2020-07-17,69834,1532.6344617235159,52108,17726
2020-07-18,80408,1662.5480797930554,52974,27434
2020-07-19,66789,1689.6837054005898,44690,22099
2020-07-20,58285,1435.8253066826799,45317,12968
2020-07-21,70557,1405.243150927619,54257,16300
2020-07-22,51988,1247.5193313841655,41346,10642
2020-07-23,65592,1220.0917185022563,51913,13679
2020-07-24,66790,1412.8857164246144,50674,16116
2020-07-25,87636,1660.2923570222283,56954,30682
2020-07-26,72734,1591.7312398603128,48647,24087
2020-07-27,62474,1195.1900950795532,48085,14389
2020-07-28,70368,1214.6792576170988,53432,16936
2020-07-29,77064,1242.9714912280701,57641,19423
2020-07-30,72109,1220.3153143158274,55595,16514
2020-07-31,70846,1234.9208282754144,52735,18111
2020-08-01,89044,1650.1965657427788,57260,31784
2020-08-02,70067,1702.2114262063453,47220,22847
2020-08-03,67219,1386.1166634433716,51074,16145
2020-08-04,44588,1401.7045169103794,35010,9578
2020-08-05,81812,1545.462193810199,60823,20989
2020-08-06,79130,1488.5747504107164,58948,20182
2020-08-07,59956,1474.89844219094,44825,15131
2020-08-08,90237,1794.6859492226026,57995,32242
2020-08-09,82767,1606.7973226044196,53377,29390
2020-08-10,68992,1462.384725765306,52193,16799
2020-08-11,75292,1376.7031025872602,56028,19264
2020-08-12,66069,1383.4876871149859,50913,15156
2020-08-13,62427,1287.2069296938826,48088,14339
2020-08-14,83758,1322.7579335705245,60295,23463
2020-08-15,92784,1519.2411838247974,58633,34151
2020-08-16,38651,1332.3342216242788,27192,11459
2020-08-17,70358,1242.334816225589,53183,17175
2020-08-18,81799,1298.0027506448735,60541,21258
2020-08-19,71467,1276.9729525515272,54386,17081
2020-08-20,81247,1279.281265769813,58723,22524
2020-08-21,84814,1421.249711132596,61121,23693
2020-08-22,87086,1563.8817950072341,55573,31513
2020-08-23,81801,1512.746653463894,53405,28396
2020-08-24,71136,1267.0801282051282,54105,17031
2020-08-25,72067,1193.7805098033773,55352,16715
2020-08-26,88080,1189.792631698456,66652,21428
2020-08-27,69313,1139.8797051058243,53738,15575
2020-08-28,78167,1207.037176813745,58072,20095
2020-08-29,71287,1277.1644198802026,49325,21962
2020-08-30,92434,1438.7078239608802,59638,32796
2020-08-31,75665,1107.6959888984338,58226,17439
2020-09-01,76674,1368.9951613323942,58961,17713
2020-09-02,69998,1423.9935998171377,54482,15516
2020-09-03,71317,1260.3545578193139,55434,15883
2020-09-04,85339,1527.7328771136292,62008,23331
2020-09-05,89572,1656.30752913857,56496,33076
2020-09-06,83006,1731.6058477700408,50011,32995
2020-09-07,83897,1669.3623371515073,53569,30328
2020-09-08,79236,1274.8323615528295,61024,18212
2020-09-09,84416,1349.0102113343441,65864,18552
2020-09-10,52907,1168.7196590243257,42218,10689
2020-09-11,94644,1381.8994019694856,70344,24300
2020-09-12,101462,1548.5875992982594,65960,35502
2020-09-13,84682,1631.3478188989395,56818,27864
2020-09-14,79263,1361.6979801420587,61677,17586
2020-09-15,84118,1216.0445326802824,65671,18447
2020-09-16,86977,1292.7270312841326,67820,19157
2020-09-17,87490,1240.1521888215796,67887,19603
2020-09-18,89018,1319.4292390303085,66860,22158
2020-09-19,89985,1600.6469300438962,58511,31474
2020-09-20,77666,1398.878724280895,51796,25870
2020-09-21,72111,1123.222559664961,56615,15496
2020-09-22,82861,1205.6563642726976,64797,18064
2020-09-23,90600,1218.2560706401766,69774,20826
2020-09-24,86938,1265.6795532448411,67135,19803
2020-09-25,93712,1322.620635564282,69216,24496
2020-09-26,99262,1430.178990953235,63593,35669
2020-09-27,87411,1400.2031780897141,57561,29850
2020-09-28,78056,1193.7713948959722,59726,18330
2020-09-29,59816,1043.5394376086665,48904,10912
2020-09-30,85791,1099.8998962595144,66942,18849
2020-10-01,89718,1160.2329521389242,69845,19873
2020-10-02,81001,1271.9161738743967,61478,19523
2020-10-03,95562,1543.672066302505,62361,33201
2020-10-04,80662,1441.8198656120603,53985,26677
2020-10-05,75795,1189.9474635530048,59258,16537
2020-10-06,85634,1213.819382488264,67020,18614
2020-10-07,81263,1078.7222967402138,63892,17371
2020-10-08,83990,1234.4212644362424,65626,18364
2020-10-09,87644,1305.1941262379626,66147,21497
2020-10-10,93919,1595.2725965991972,60708,33211
2020-10-11,75426,1512.1739055498103,50746,24680
2020-10-12,16405,946.7568424260896,13820,2585
2020-10-13,51885,1164.8020622530596,43194,8691
2020-10-14,88404,1198.573989864712,70023,18381
2020-10-15,91295,1157.6979571718057,71297,19998
2020-10-16,30689,1036.4219753005964,25548,5141
2020-10-17,88338,1334.7171885258892,60135,28203
2020-10-18,76910,1357.7962163567806,53277,23633
2020-10-19,73336,1061.5715337624085,58975,14361
2020-10-20,76195,1114.9864951768488,61316,14879
2020-10-21,84145,1048.7663200427833,67282,16863
2020-10-22,83848,1052.0063328880833,66678,17170
2020-10-23,86939,1151.559139166542,66914,20025
2020-10-24,90596,1355.5335555653671,61556,29040
2020-10-25,61869,1162.7246278426999,44421,17448
2020-10-26,51135,982.4392099344872,42926,8209
2020-10-27,78030,969.4984236831988,63701,14329
2020-10-28,62847,993.6461724505546,51436,11411
2020-10-29,19072,861.612153942953,16384,2688
2020-10-30,39546,910.6870227077328,32665,6881
2020-10-31,66771,1147.8531398361565,49501,17270
2020-11-01,32600,1164.0870858895705,25514,7086
2020-11-02,50610,928.9859513930053,43407,7203
2020-11-03,62112,1069.4901629314786,51667,10445
2020-11-04,65204,1068.7520244156801,53714,11490
2020-11-05,74725,1162.9672264971562,60532,14193
2020-11-06,82142,1183.2868934284531,63973,18169
2020-11-07,98467,1662.331613637056,65272,33195
2020-11-08,86147,1587.5508607380407,57634,28513
2020-11-09,75799,1153.9111861634058,60406,15393
2020-11-10,84365,1145.1383630652522,67300,17065
2020-11-11,46257,1189.7126488963831,38360,7897
2020-11-12,40704,925.1796875,34346,6358
2020-11-13,48657,1011.4173294695522,39818,8839
2020-11-14,75263,1288.2291962850272,53538,21725
2020-11-15,51003,1271.050448012862,38428,12575
2020-11-16,57607,1047.9186036419185,48205,9402
2020-11-17,54480,951.0707048458149,46618,7862
2020-11-18,44054,842.7594770054933,38581,5473
2020-11-19,51425,932.9368400583373,44063,7362
2020-11-20,68483,1058.80051983704,55039,13444
2020-11-21,75233,1292.2059734425052,53312,21921
2020-11-22,46012,1099.5484004172824,35265,10747
2020-11-23,42599,887.0567149463602,36192,6407
2020-11-24,53102,959.465726337991,44840,8262
2020-11-25,56843,994.2235807399328,46807,10036
2020-11-26,30687,1233.2381790334668,22590,8097
2020-11-27,53108,1201.3807900881222,38896,14212
2020-11-28,53202,1144.4767677906846,38667,14535
2020-11-29,52557,1168.8732043305363,39192,13365
2020-11-30,23257,802.5519198520875,20232,3025
2020-12-01,53067,1061.8938888574821,45484,7583
2020-12-02,47330,846.7359602788929,41120,6210
2020-12-03,53146,963.0990290896775,45255,7891
2020-12-04,40441,1043.9911723251157,34563,5878
2020-12-05,31809,1247.4488981105976,25506,6303
2020-12-06,40743,1078.3721130010063,32455,8288
2020-12-07,41591,868.645187660792,36615,4976
2020-12-08,41083,878.271620865078,36466,4617
2020-12-09,37053,825.4616090465009,33147,3906
2020-12-10,51890,980.2442859895933,44697,7193
2020-12-11,59906,1052.544753447067,49501,10405
2020-12-12,53499,1110.2118357352474,41053,12446
2020-12-13,61081,1230.2512074131073,45330,15751
2020-12-14,25786,811.3884278290545,22832,2954
2020-12-15,44793,1054.581675708258,39398,5395
2020-12-16,26329,943.5702457366402,23786,2543
2020-12-17,179,2211.212290502793,143,36
2020-12-18,14964,1547.2961774926491,13308,1656
2020-12-19,16738,1404.2732704026766,14268,2470
2020-12-20,16340,1106.9307833537332,14067,2273
2020-12-21,31415,905.079579818558,27818,3597
2020-12-22,37256,908.6125993128624,32681,4575
2020-12-23,40454,917.1323478518811,35077,5377
2020-12-24,32606,1029.8285898300926,27724,4882
2020-12-25,11850,1161.8022784810128,9321,2529
2020-12-26,19791,1002.0508817139104,16316,3475
2020-12-27,23764,1106.7274027941423,19299,4465
2020-12-28,38784,991.5414346122112,32154,6630
2020-12-29,33202,909.6438166375519,28514,4688
2020-12-30,35705,902.9776501890492,30678,5027
2020-12-31,26334,980.6099718994456,22041,4293
2021-01-01,18790,1273.2597658328898,14957,3833
2021-01-02,41195,1208.4407088238863,31864,9331
2021-01-03,14578,1028.8056660721636,12441,2137
2021-01-04,36745,888.6346985984487,32248,4497
2021-01-05,38525,877.764308890331,34083,4442
2021-01-06,37929,881.4556144375016,33664,4265
2021-01-07,37971,844.2785546864712,33631,4340
2021-01-08,37138,984.6247778555658,32694,4444
2021-01-09,34643,1003.268798891551,28766,5877
2021-01-10,35366,1053.1574393485269,29066,6300
2021-01-11,36106,845.5620118539855,32464,3642
2021-01-12,42298,950.5922975081564,37630,4668
2021-01-13,42522,942.127510465171,37663,4859
2021-01-14,47832,984.5562803144338,41762,6070
2021-01-15,40508,941.5063444257925,35315,5193
2021-01-16,41189,1014.2425162057831,32800,8389
2021-01-17,38831,1100.073703999382,30358,8473
2021-01-18,42740,981.679129620964,35294,7446
2021-01-19,40592,813.0068486401261,36033,4559
2021-01-20,36251,813.0403023364872,32333,3918
2021-01-21,40897,924.9911240433283,36023,4874
2021-01-22,44037,901.1707427844767,38085,5952
2021-01-23,32137,954.6182593272551,26640,5497
2021-01-24,27353,964.7204328592842,22941,4412
2021-01-25,36060,814.7777315585136,32130,3930
2021-01-26,27375,764.5796894977169,24972,2403
2021-01-27,38982,812.3066543532913,34966,4016
2021-01-28,34137,781.4611418695257,30868,3269
2021-01-29,23566,731.3998132903336,21309,2257
2021-01-30,27330,934.6649103549213,23208,4122
2021-01-31,21723,1048.7312525894213,18961,2762
2021-02-01,249,2667.0,220,29
2021-02-03,6488,3617.0,5762,726
2021-02-04,18792,1416.0,16722,2070
2021-02-05,24378,1193.0,21187,3191
2021-02-06,31236,1211.0,25469,5767
2021-02-07,8308,1432.0,7119,1189
2021-02-08,18534,942.0,16683,1851
2021-02-09,22482,841.0,20430,2052
2021-02-10,28232,1231.0,24056,4176
2021-02-11,22979,842.0,20579,2400
2021-02-12,26009,907.0,22787,3222
2021-02-13,23084,995.0,19352,3732
2021-02-14,23441,1014.0,19131,4310
2021-02-15,23404,1238.0,20269,3135
2021-02-16,31048,894.0,27120,3928
2021-02-17,30902,898.0,27395,3507
2021-02-18,7630,786.0,6948,682
2021-02-19,12061,782.0,10769,1292
2021-02-20,24992,903.0,20898,4094
2021-02-21,26475,983.0,21852,4623
2021-02-22,19553,745.0,17676,1877
2021-02-23,33534,807.0,29752,3782
2021-02-24,46049,910.0,38979,7070
2021-02-25,43427,907.0,37143,6284
2021-02-26,44560,907.0,37555,7005
2021-02-27,30815,980.0,24130,6685
2021-02-28,21321,900.0,17462,3859
2021-03-01,34575,794.0,30262,4313
2021-03-02,32100,801.0,28481,3619
2021-03-03,50122,881.0,42018,8104
2021-03-04,40247,804.0,34944,5303
2021-03-05,36338,844.0,31198,5140
2021-03-06,33478,842.0,27238,6240
2021-03-07,35352,942.0,27980,7372
2021-03-08,38478,808.0,33402,5076
2021-03-09,60231,1010.0,48532,11699
2021-03-10,54876,931.0,45400,9476
2021-03-11,68394,1063.0,53261,15133
2021-03-12,69490,1102.0,52575,16915
2021-03-13,53517,1299.0,38465,15052
2021-03-14,43533,1065.0,32304,11229
2021-03-15,34394,756.0,29718,4676
2021-03-16,38031,764.0,33206,4825
2021-03-17,47314,845.0,39811,7503
2021-03-18,22554,790.0,19597,2957
2021-03-19,43779,924.0,36426,7353
2021-03-20,65050,1320.0,44909,20141
2021-03-21,68873,1409.0,45631,23242
2021-03-22,56194,1139.0,44602,11592
2021-03-23,61564,1056.0,48452,13112
2021-03-24,32777,848.0,27952,4825
2021-03-25,64657,1088.0,50629,14028
2021-03-26,71615,1339.0,53508,18107
2021-03-27,84712,1561.0,54502,30210
2021-03-28,25256,1447.0,19125,6131
2021-03-29,52598,1131.0,41786,10812
2021-03-30,65613,1083.0,50404,15209
2021-03-31,45382,1014.0,37016,8366
2021-04-01,45527,983.0,36727,8800
2021-04-02,42831,1022.0,34865,7966
2021-04-03,61218,1220.0,43055,18163
2021-04-04,63335,1381.0,42975,20360
2021-04-05,68141,1046.0,53280,14861
2021-04-06,76225,1122.0,59165,17060
2021-04-07,77680,1099.0,60470,17210
2021-04-08,81552,1158.0,62923,18629
2021-04-09,68187,1144.0,53063,15124
2021-04-10,87596,1507.0,58593,29003
2021-04-11,20135,997.0,15753,4382
2021-04-12,33647,862.0,28794,4853
2021-04-13,78682,1095.0,62396,16286
2021-04-14,80113,1038.0,63013,17100
2021-04-15,33032,939.0,27857,5175
2021-04-16,59414,948.0,47630,11784
2021-04-17,77508,1320.0,53348,24160
2021-04-18,80652,1313.0,54372,26280
2021-04-19,73000,1042.0,57912,15088
2021-04-20,96136,1184.0,71895,24241
2021-04-21,61764,919.0,50996,10768
2021-04-22,57101,861.0,47289,9812
2021-04-23,82793,1079.0,62899,19894
2021-04-24,104081,1461.0,67231,36850
2021-04-25,58487,1215.0,41044,17443
2021-04-26,71658,975.0,56500,15158
2021-04-27,79576,988.0,62709,16867
2021-04-28,96329,1145.0,72381,23948
2021-04-29,70576,961.0,55631,14945
2021-04-30,80693,1044.0,61287,19406
2021-05-01,92840,1382.0,60435,32405
2021-05-02,93982,1442.0,59725,34257
2021-05-03,60831,911.0,48589,12242
2021-05-04,87014,1065.0,66559,20455
2021-05-05,49749,878.0,40490,9259
2021-05-06,93267,1092.0,70596,22671
2021-05-07,91204,988.0,67193,24011
2021-05-08,59759,1050.0,41710,18049
2021-05-09,53317,1095.0,36413,16904
2021-05-10,71172,897.0,55404,15768
2021-05-11,89079,951.0,68228,20851
2021-05-12,94864,987.0,71687,23177
2021-05-13,100737,1062.0,73049,27688
2021-05-14,107380,1146.0,74843,32537
2021-05-15,118947,1352.0,70834,48113
2021-05-16,97138,1346.0,59633,37505
2021-05-17,95272,1123.0,69082,26190
2021-05-18,105861,1075.0,76988,28873
2021-05-19,109860,1080.0,79827,30033
2021-05-20,108242,1040.0,78136,30106
2021-05-21,112908,1114.0,77726,35182
2021-05-22,116548,1312.0,69669,46879
2021-05-23,107595,1343.0,64148,43447
2021-05-24,89255,991.0,65951,23304
2021-05-25,107021,1028.0,78402,28619
2021-05-26,97890,1055.0,72024,25866
2021-05-27,112627,1070.0,80426,32201
2021-05-28,62800,990.0,46284,16516
2021-05-29,30059,963.0,21593,8466
2021-05-30,17684,942.0,12812,4872
2021-05-31,89263,1226.0,55761,33502
2021-06-01,99568,1121.0,73161,26407
2021-06-02,106586,1104.0,78437,28149
2021-06-03,70042,965.0,53643,16399
2021-06-04,86676,1113.0,62933,23743
2021-06-05,121369,1507.0,72117,49252
2021-06-06,106212,1439.0,63280,42932
2021-06-07,98136,1176.0,70268,27868
2021-06-08,74849,1097.0,55694,19155
2021-06-09,112208,1094.0,80964,31244
2021-06-10,121438,1143.0,85669,35769
2021-06-11,108153,1084.0,74488,33665
2021-06-12,117012,1389.0,69418,47594
2021-06-13,102575,1329.0,61320,41255
2021-06-14,84523,1042.0,60628,23895
2021-06-15,119217,1099.0,83024,36193
2021-06-16,122265,1110.0,85939,36326
2021-06-17,121535,1072.0,84523,37012
2021-06-18,123246,1122.0,80948,42298
2021-06-19,107542,1232.0,63486,44056
2021-06-20,107533,1328.0,63194,44339
2021-06-21,101975,1041.0,71919,30056
2021-06-22,75593,886.0,56290,19303
2021-06-23,123492,1050.0,86718,36774
2021-06-24,120780,1086.0,83901,36879
2021-06-25,116688,1077.0,77212,39476
2021-06-26,119093,1225.0,69431,49662
2021-06-27,110160,1288.0,63789,46371
2021-06-28,98754,1011.0,68913,29841
2021-06-29,103426,978.0,73054,30372
2021-06-30,96871,927.0,70095,26776
2021-07-01,68029,927.0,49988,18041
2021-07-02,78211,981.0,54135,24076
2021-07-03,68499,1133.0,42396,26103
2021-07-04,101570,1481.0,51522,50048
2021-07-05,97858,1277.0,56042,41816
2021-07-06,77404,966.0,55054,22350
2021-07-07,102953,1009.0,72418,30535
2021-07-08,74952,911.0,54332,20620
2021-07-09,86377,1076.0,57781,28596
2021-07-10,109400,1257.0,63824,45576
2021-07-11,103479,1202.0,60844,42635
2021-07-12,87989,972.0,62582,25407
2021-07-13,105508,983.0,74427,31081
2021-07-14,110453,987.0,77670,32783
2021-07-15,112482,1006.0,77203,35279
2021-07-16,108273,1029.0,71208,37065
2021-07-17,82393,1227.0,49427,32966
2021-07-18,99910,1215.0,59112,40798
2021-07-19,102765,1025.0,71301,31464
2021-07-20,111603,968.0,77497,34106
2021-07-21,108755,974.0,76637,32118
2021-07-22,118482,1030.0,81443,37039
2021-07-23,112617,1055.0,74758,37859
2021-07-24,125233,1262.0,67038,58195
2021-07-25,98055,1181.0,57365,40690
2021-07-26,98830,1018.0,68998,29832
2021-07-27,106208,982.0,75182,31026
2021-07-28,112492,1005.0,79178,33314
2021-07-29,76088,945.0,55177,20911
2021-07-30,115766,1032.0,76705,39061
2021-07-31,121903,1240.0,69961,51942
2021-08-01,94660,1200.0,57013,37647
2021-08-02,103217,999.0,72727,30490
2021-08-03,108958,976.0,77280,31678
2021-08-04,109230,980.0,78288,30942
2021-08-05,109449,977.0,73308,36141
2021-08-06,109426,1039.0,67466,41960
2021-08-07,115257,1230.0,61164,54093
2021-08-08,75455,1135.0,42106,33349
2021-08-09,96503,988.0,62525,33978
2021-08-10,92678,987.0,61179,31499
2021-08-11,97923,975.0,63924,33999
2021-08-12,99787,981.0,64188,35599
2021-08-13,98715,1006.0,59986,38729
2021-08-14,111781,1193.0,58619,53162
2021-08-15,108602,1211.0,56106,52496
2021-08-16,102320,1045.0,63726,38594
2021-08-17,107423,975.0,68282,39141
2021-08-18,106527,971.0,67379,39148
2021-08-19,104846,950.0,63965,40881
2021-08-20,102337,999.0,59753,42584
2021-08-21,96370,1187.0,49181,47189
2021-08-22,15852,1057.0,8974,6878
2021-08-23,76853,993.0,47229,29624
2021-08-24,109279,1030.0,66339,42940
2021-08-25,106712,981.0,65117,41595
2021-08-26,103683,992.0,62374,41309
2021-08-27,88698,996.0,52327,36371
2021-08-28,104332,1147.0,52961,51371
2021-08-29,102469,1199.0,51197,51272
2021-08-30,101166,956.0,61129,40037
2021-08-31,111970,957.0,68264,43706
2021-09-01,50782,894.0,31957,18825
2021-09-02,126450,1095.0,67683,58767
2021-09-03,115060,1095.0,62942,52118
2021-09-04,109096,1292.0,50925,58171
2021-09-05,87491,1223.0,41108,46383
2021-09-06,106319,1259.0,52367,53952
2021-09-07,106915,981.0,64049,42866
2021-09-08,113132,961.0,69338,43794
2021-09-09,77648,915.0,48071,29577
2021-09-10,126605,1017.0,73352,53253
2021-09-11,133564,1249.0,65517,68047
2021-09-12,117208,1209.0,58336,58872
2021-09-13,105983,1014.0,66094,39889
2021-09-14,118471,965.0,74670,43801
2021-09-15,118359,981.0,74022,44337
2021-09-16,109630,927.0,67030,42600
2021-09-17,111908,983.0,67424,44484
2021-09-18,124633,1210.0,63034,61599
2021-09-19,116461,1204.0,58968,57493
2021-09-20,109092,950.0,68270,40822
2021-09-21,113237,980.0,71819,41418
2021-09-22,113373,927.0,72261,41112
2021-09-23,86729,898.0,56293,30436
2021-09-24,115890,1013.0,69398,46492
2021-09-25,125178,1232.0,62981,62197
2021-09-26,113543,1193.0,57753,55790
2021-09-27,106803,971.0,67752,39051
2021-09-28,96552,922.0,63319,33233
2021-09-29,111532,1004.0,71773,39759
2021-09-30,112577,971.0,71206,41371
2021-10-01,115828,1092.0,85091,30737
2021-10-02,120155,1265.0,75949,44206
2021-10-03,108304,1249.0,68898,39406
2021-10-04,73613,922.0,57959,15654
2021-10-05,103932,984.0,81585,22347
2021-10-06,110685,972.0,86578,24107
2021-10-07,115335,990.0,87872,27463
2021-10-08,115808,1128.0,83744,32064
2021-10-09,108091,1258.0,69602,38489
2021-10-10,69386,1120.0,47371,22015
2021-10-11,97257,1069.0,71199,26058
2021-10-12,108314,1057.0,84626,23688
2021-10-13,109850,964.0,86336,23514
2021-10-14,116278,1093.0,89059,27219
2021-10-15,118471,1171.0,86082,32389
2021-10-16,99245,1230.0,64871,34374
2021-10-17,90860,1138.0,61267,29593
2021-10-18,87314,876.0,70012,17302
2021-10-19,100118,931.0,80021,20097
2021-10-20,112026,939.0,87905,24121
2021-10-21,113734,977.0,87826,25908
2021-10-22,111573,1011.0,82268,29305
2021-10-23,91369,1139.0,61404,29965
2021-10-24,85039,1161.0,57869,27170
2021-10-25,92446,1025.0,72914,19532
2021-10-26,48015,878.0,38428,9587
2021-10-27,97986,888.0,78904,19082
2021-10-28,100689,929.0,79340,21349
2021-10-29,82622,953.0,64696,17926
2021-10-30,79170,1128.0,55341,23829
2021-10-31,85726,1262.0,57697,28029
2021-11-01,89655,945.0,71025,18630
2021-11-02,82811,925.0,67592,15219
2021-11-03,87259,902.0,71504,15755
2021-11-04,85758,907.0,69729,16029
2021-11-05,86279,1026.0,67326,18953
2021-11-06,84659,1171.0,58287,26372
2021-11-07,79380,1101.0,53907,25473
2021-11-08,84958,1039.0,68490,16468
2021-11-09,96712,985.0,77148,19564
2021-11-10,98195,974.0,77875,20320
2021-11-11,92925,982.0,71515,21410
2021-11-12,69975,982.0,53617,16358
2021-11-13,71475,1194.0,49727,21748
2021-11-14,63193,1064.0,45412,17781
2021-11-15,68372,860.0,56839,11533
2021-11-16,77279,904.0,64044,13235
2021-11-17,85554,907.0,69843,15711
2021-11-18,94672,989.0,74724,19948
2021-11-19,74090,924.0,59050,15040
2021-11-20,69554,1138.0,49820,19734
2021-11-21,65383,1114.0,46088,19295
2021-11-22,63652,879.0,51928,11724
2021-11-23,61201,878.0,50938,10263
2021-11-24,57450,916.0,46248,11202
2021-11-25,35034,1422.0,22925,12109
2021-11-26,31985,991.0,23949,8036
2021-11-27,37424,1101.0,28021,9403
2021-11-28,41660,941.0,32012,9648
2021-11-29,58569,846.0,49967,8602
2021-11-30,64170,791.0,54988,9182
